1,0,.26667,-.1,.53333,0,.33333,-.13333,.36667,.11667,.56667,.01667,.71667,.08333,.7,-.06667,.53333,.2,.41667,-.01667,.31667,.2,.7,0,.25,.13333,.46214,.05439,.4,.03333,.46667,.03333,.41667,-.05,2
1,0,1,-.37838,.64865,.2973,.64865,-.24324,.86486,.18919,1,-.27027,.51351,0,.62162,-.05405,.32432,-.21622,.71833,-.17666,.62162,.05405,.75676,.13514,.35135,-.2973,.61031,-.22163,.58478,-.23027,.72973,-.59459,.51351,-.24324,2
1,0,.95202,.02254,.93757,-.01272,.93526,.01214,.96705,-.01734,.96936,.0052,.95665,-.03064,.9526,-.00405,.9948,-.02659,.99769,.01792,.93584,-.04971,.93815,-.0237,.97052,-.04451,.96215,-.01647,.97399,.01908,.95434,-.0341,.95838,.00809,2
1,0,.31034,-.10345,.24138,-.10345,.2069,-.06897,.07405,-.05431,.03649,-.03689,.01707,-.02383,.00741,-.01482,.00281,-.00893,.00078,-.00523,-.00003,-.00299,-.00028,-.00166,-.00031,-.0009,-.00025,-.00048,-.00018,-.00024,-.00012,-.00012,-.00008,-.00006,2
1,0,.25,.16667,.46667,.26667,.19036,.23966,.07766,.19939,.0107,.14922,-.02367,.10188,-.03685,.06317,-.03766,.03458,-.0323,.01532,-.02474,.00357,-.01726,-.00273,-.01097,-.00539,-.00621,-.00586,-.00294,-.0052,-.00089,-.00408,.00025,-.00291,2
1,0,1,-.01081,1,-.02703,1,-.06486,.95135,-.01622,.98919,-.03243,.98919,.08649,1,-.06486,.95135,.09189,.97838,-.00541,1,.06486,1,.04324,.97838,.09189,.98556,.01251,1,-.03243,1,.02703,1,-.07027,2
1,0,.90374,-.01604,1,.08021,1,.01604,.93048,.00535,.93583,-.01604,1,0,1,.06417,1,.04813,.91444,.04278,.96791,.02139,.9893,-.01604,.96257,.05348,.96974,.04452,.87701,.0107,1,.09091,.97861,.06417,2
1,0,.6,.03333,.63333,.06667,.7,.06667,.7,0,.63333,0,.8,0,.73333,0,.7,.1,.66667,.1,.73333,-.03333,.76667,0,.63333,.13333,.65932,.10168,.6,.13333,.6,.16667,.63333,.16667,2
1,0,.94653,.28713,.72554,.67248,.47564,.82455,.01267,.89109,-.24871,.84475,-.47644,.56079,-.75881,.41743,-.66455,.07208,-.65426,-.19525,-.52475,-.44,-.30851,-.55089,-.04119,-.64792,.16085,-.5642,.36752,-.41901,.46059,-.22535,.50376,-.0598,2
1,0,.72414,-.01084,.79704,.01084,.8,.00197,.79015,.01084,.78424,-.00985,.8335,.03251,.85123,.01675,.80099,-.00788,.79113,-.02956,.75961,.0335,.74778,.05517,.72611,-.01478,.78041,.00612,.74089,-.05025,.82956,.02956,.79015,.00788,2
1,0,.4709,.22751,.42328,.33598,.25661,.47619,.01852,.49471,-.02116,.53968,-.34127,.31217,-.4127,.3254,-.51587,.06878,-.5,-.1164,-.14815,-.1455,-.14815,-.38095,-.2328,.00265,.03574,-.31739,.15873,-.21693,.24868,-.24339,.2672,.04233,2
1,0,.94333,.38574,.48263,.64534,.21572,.77514,-.55941,.64899,-.73675,.42048,-.76051,0,-.62706,-.31079,-.38391,-.62157,-.12797,-.69287,.49909,-.6362,.71481,-.3766,.73857,-.05484,.60098,.30384,.45521,.60512,.02742,.54479,-.21572,.50457,2
1,0,.85736,.00075,.81927,-.05676,.77521,-.04182,.84317,.09037,.86258,.11949,.88051,-.06124,.78342,.0351,.83719,-.06796,.8357,-.1419,.88125,.01195,.90515,.0224,.79686,-.01942,.82383,-.03678,.88125,-.06423,.73936,-.01942,.79089,-.09186,2
1,0,.85209,.39252,.38887,.76432,.08858,.98903,-.42625,.88744,-.76229,.4998,-.93092,.10768,-.859,-.31044,-.6603,-.55262,-.1926,-.86063,.28444,-.80496,.64649,-.3523,.77814,-.23324,.71698,.21343,.3783,.5831,.19667,.66315,-.11215,.64933,2
1,0,1,.54902,.62745,1,.01961,1,-.4902,.92157,-.82353,.58824,-1,.11765,-.96078,-.33333,-.64706,-.68627,-.23529,-.86275,.35294,-1,.7451,-.72549,.92157,-.21569,.92874,.21876,.72549,.56863,.23529,.90196,-.11765,.90196,2
1,0,.44444,.44444,.53695,.90763,-.22222,1,-.33333,.88889,-1,.33333,-1,-.11111,-1,-.22222,-.66667,-.77778,.55556,-1,-.22222,-.77778,.77778,-.22222,.33333,0,.9212,.45019,.57454,.84353,.22222,1,-.55556,1,2
1,0,1,0,1,0,.5,.5,.75,0,.91201,.12094,.89067,.1421,.86922,.16228,.75,.25,.75,.5,.75,0,1,-.25,.5,.5,.73944,.26388,.75,.25,.69635,.29074,.67493,.30293,2
1,0,1,0,1,0,.66667,.11111,1,-.11111,.88889,-.11111,1,-.22222,.77778,0,.77778,0,1,-.11111,.77778,-.11111,.66667,-.11111,.66667,0,.90347,-.05352,1,.11111,.88889,-.11111,1,0,2
1,0,1,.45455,1,-.45455,1,.09091,1,-.09091,1,0,1,-.27273,1,-.18182,1,.09091,1,0,1,-.36364,1,.09091,1,-.09091,1,-.04914,1,.45455,1,-.27273,1,-.18182,2
1,0,1,.11765,1,.23529,1,.41176,1,.05882,1,.23529,1,.11765,1,.47059,1,-.05882,1,-.11765,1,.35294,1,.41176,1,-.11765,1,.20225,1,.05882,1,.35294,1,.23529,2
1,0,.91667,.29167,.83333,-.16667,.70833,.25,.875,-.08333,.91667,.04167,.83333,.125,.70833,0,.875,.04167,1,.08333,.66667,-.08333,.75,.16667,.83333,-.125,.83796,.05503,1,.20833,.70833,0,.70833,.04167,2
1,0,1,-.08183,1,-.11326,.99246,-.29802,1,-.33075,.96662,-.34281,.85788,-.47265,.91904,-.4817,.73084,-.65224,.68131,-.63544,.8245,-.78316,.58829,-.74785,.67033,-.96296,.48757,-.85669,.37941,-.83893,.24117,-.88846,.29221,-.89621,2
1,0,1,.24077,.99815,.00369,.80244,-.30133,.89919,-.23486,.70643,-.24077,.73855,-.30539,.71492,-.36078,.47194,-.61189,.40473,-.55059,.61041,-.39328,.53176,-.32681,.23966,-.52142,.29208,-.4839,.12777,-.39143,.15657,-.51329,.18353,-.46603,2
1,0,.92247,-.19448,.96419,-.17674,.87024,-.22602,.81702,-.2707,.79271,-.28909,.70302,-.49639,.63338,-.49967,.37254,-.70729,.2707,-.72109,.40506,-.54172,.33509,-.59691,.1475,-.63601,.09312,-.59589,-.07162,-.54928,-.0184,-.54074,-.07457,-.47898,2
1,0,.84177,.4346,.5,.7616,.09916,.9346,-.37764,.88186,-.72363,.61181,-.93882,.19409,-.86709,-.25527,-.62869,-.65612,-.25105,-.85654,.16245,-.86498,.51477,-.66878,.74895,-.28903,.77937,.07933,.64135,.42827,.31435,.62447,-.00422,.69409,2
1,0,1,.63548,1,1,.77123,1,-.33333,1,-1,1,0,1,-1,1,-1,0,-1,-.66667,-1,-.92536,-1,-.33333,-.33333,-1,.19235,-1,1,-1,0,-1,1,-.66667,2
1,0,1,.06843,1,.14211,1,.22108,1,-.125,1,.39495,1,.48981,1,.58986,-.375,1,1,0,1,.92001,1,1,1,1,1,1,1,.25,1,1,1,1,2
1,0,.64947,-.07896,.58264,-.1438,-.13129,-.21384,.29796,.04403,.38096,-.26339,.28931,-.31997,.03459,-.18947,.20269,-.29441,.15196,-.29052,.09513,-.31525,.06556,-.26795,.03004,-.25124,-.00046,-.2321,-.02612,-.21129,-.04717,-.1895,.01336,-.27201,2
1,0,1,.05149,.99363,.10123,.96142,.14756,.95513,-.26496,.66026,.54701,.80426,.25283,.73781,.2738,.66775,.28714,.59615,.29304,.52494,.292,.45582,.28476,.39023,.27226,.3293,.25553,.27381,.23568,.22427,.21378,.18086,.19083,2
1,0,.93669,-.0019,.60761,.43204,.92314,-.40129,.93123,.16828,.96197,.09061,.99676,.08172,.91586,.05097,.84628,-.25324,.87379,-.14482,.84871,.26133,.75081,-.03641,.84547,-.02589,.87293,-.02302,.98544,.09385,.78317,-.10194,.85841,-.14725,2
1,0,1,.23058,1,-.78509,1,-.10401,1,.15414,1,.2782,.9812,-.06861,1,.0661,.95802,-.18954,.83584,-.15633,.974,.03728,.99624,.09242,1,-.01253,.96238,-.04597,.91165,.03885,1,-.13722,.96523,-.11717,2
1,0,.79847,.38265,.80804,-.16964,1,-.07653,.98151,-.07398,.70217,.20663,.99745,.02105,.98214,.02487,1,-.13074,.95663,.07717,1,.00191,.90306,.30804,1,-.14541,1,-.00394,.75638,.07908,1,-.1875,1,-.0574,2
1,0,1,-.28428,1,-.25346,.94623,-.35094,1,-.30566,.92736,-.49057,.90818,-.44119,.75723,-.58899,.69748,-.58019,.59623,-.57579,.68459,-.70975,.54465,-.87327,.49214,-.73333,.35504,-.76054,.26352,-.78239,.16604,-.73145,.13994,-.7,2
1,0,1,.09091,.95455,-.09091,.77273,0,1,0,.95455,0,1,.04545,.90909,-.04545,1,0,1,0,.86364,.09091,.77273,.09091,.90909,.04545,.91541,.02897,.95455,.09091,.86364,-.09091,.86364,.04545,2
1,0,.91176,-.08824,.97059,.17647,.82353,.08824,.91176,-.02941,.97059,-.17647,.97059,.14706,.94118,.02941,1,0,1,0,.76471,.11765,.88235,.02941,.85294,.02941,.92663,.026,.94118,-.11765,.97059,.05882,.91176,.05882,2
1,0,.47368,-.10526,.83781,.01756,.83155,.02615,.68421,-.05263,.68421,0,.79856,.05028,.78315,.05756,.84211,.47368,1,.05263,.7255,.07631,.70301,.08141,.42105,.21053,.65419,.08968,.52632,-.21053,.6015,.09534,.57418,.09719,2
1,0,1,.45455,1,.54545,.81818,.63636,1,-.09091,1,0,.81818,-.45455,.63636,.27273,1,-.63636,1,-.27273,.90909,-.45455,1,.0775,1,-.09091,1,.08867,1,.36364,1,.63636,.72727,.27273,2
1,0,.45455,.09091,.63636,.09091,.27273,.18182,.63636,0,.36364,-.09091,.45455,-.09091,.48612,-.01343,.63636,-.18182,.45455,0,.36364,-.09091,.27273,.18182,.36364,-.09091,.34442,-.01768,.27273,0,.36364,0,.28985,-.01832,2
1,0,1,.14286,1,.71429,1,.71429,1,-.14286,.85714,-.14286,1,.02534,1,0,.42857,-.14286,1,.03617,1,-.28571,1,0,.28571,-.28571,1,.04891,1,.05182,1,.57143,1,0,2
1,0,.87032,.46972,.53945,.82161,.1038,.95275,-.38033,.87916,-.73939,.58226,-.92099,.16731,-.82417,-.24942,-.59383,-.63342,-.24012,-.82881,.18823,-.78699,.51557,-.5743,.69274,-.24843,.69097,.10484,.52798,.39762,.25974,.56573,-.06739,.57552,2
1,0,.92657,.04174,.89266,.15766,.86098,.19791,.83675,.36526,.80619,.40198,.76221,.40552,.66586,.4836,.60101,.51752,.53392,.5218,.48435,.54212,.42546,.55684,.3334,.55274,.26978,.54214,.22307,.53448,.14312,.49124,.11573,.46571,2
1,0,.93537,.13645,.93716,.25359,.85705,.38779,.79039,.47127,.72352,.59942,.6526,.75,.5083,.73586,.41629,.82742,.25539,.85952,.13712,.85615,.00494,.88869,-.07361,.7978,-.20995,.78004,-.33169,.71454,-.38532,.64363,-.47419,.55835,2
1,0,.80627,.13069,.73061,.24323,.64615,.19038,.36923,.45577,.44793,.46439,.25,.57308,.25192,.37115,.15215,.51877,-.09808,.575,-.03462,.42885,-.08856,.44424,-.14943,.40006,-.1994,.34976,-.23832,.29541,-.26634,.23896,-.23846,.31154,2
1,0,.97467,.13082,.9412,.20036,.88783,.32248,.89009,.32711,.8555,.45217,.72298,.52284,.69946,.5882,.58548,.66893,.48869,.70398,.44245,.68159,.35289,.75622,.26832,.7621,.16813,.78541,.07497,.80439,-.02962,.77702,-.10289,.74242,2
1,0,.92308,.15451,.86399,.29757,.72582,.3679,.70588,.5683,.57449,.62719,.4327,.74676,.31705,.67697,.19128,.76818,.04686,.76171,-.12064,.76969,-.18479,.71327,-.29291,.65708,-.38798,.58553,-.46799,.50131,-.53146,.40732,-.56231,.35095,2
1,0,.88804,.38138,.65926,.69431,.29148,.87892,-.06726,.90135,-.39597,.80441,-.64574,.56502,-.8296,.26906,-.7894,-.08205,-.6278,-.30942,-.46637,-.55605,-.16449,-.64338,.09562,-.61055,.30406,-.48392,.43227,-.29838,.47029,-.09461,.42152,.12556,2
1,0,.73523,-.38293,.80151,.10278,.78826,.15266,.5558,.05252,1,.21225,.71947,.28954,.68798,.32925,.49672,.17287,.64333,-.02845,.57399,.42528,.5312,.44872,.9453,.57549,.44174,.482,.12473,1,.3507,.49721,.30588,.49831,2
1,0,.94649,.00892,.97287,-.0026,.98922,.00372,.95801,.01598,.94054,.0353,.97213,.04719,.98625,.01858,.94277,.07135,.98551,-.00706,.9777,.0498,.96358,.07098,.93274,.08101,.95243,.04356,.97473,.00818,.97845,.07061,1,-.0026,2
1,0,.99539,-.05889,.85243,.02306,.83398,-.37708,1,.0376,.85243,-.17755,.59755,-.44945,.60536,-.38223,.84356,-.38542,.58212,-.32192,.56971,-.29674,.36946,-.47357,.56811,-.51171,.41078,-.46168,.21266,-.3409,.42267,-.54487,.18641,-.453,2
1,0,1,-.03365,1,.00485,1,-.12062,.88965,.01198,.73082,.05346,.85443,.00827,.54591,.00299,.83775,-.13644,.75535,-.0854,.70887,-.27502,.43385,-.12062,.57528,-.4022,.58984,-.22145,.431,-.17365,.60436,-.2418,.56045,-.38238,2
1,0,1,-.02401,.9414,.06531,.92106,-.23255,.77152,-.16399,.52798,-.20275,.56409,-.00712,.34395,-.27457,.5294,-.2178,.45107,-.17813,.05982,-.35575,.02309,-.52879,.03286,-.65158,.1329,-.53206,.02431,-.62197,-.05707,-.59573,-.04608,-.65697,2
1,0,.97588,-.10602,.94601,-.208,.92806,-.2835,.85996,-.27342,.79766,-.47929,.78225,-.50764,.74628,-.61436,.57945,-.68086,.37852,-.73641,.36324,-.76562,.31898,-.79753,.22792,-.81634,.13659,-.8251,.04606,-.82395,-.04262,-.81318,-.13832,-.80975,2
1,0,.96355,-.07198,1,-.14333,1,-.21313,1,-.36174,.9257,-.43569,.9451,-.40668,.90392,-.46381,.98305,-.35257,.84537,-.6602,.75346,-.60589,.69637,-.64225,.85106,-.6544,.57577,-.69712,.25435,-.63919,.45114,-.72779,.38895,-.7342,2
1,0,1,.06655,1,-.18388,1,-.2732,1,-.43107,1,-.41349,.96232,-.51874,.90711,-.59017,.8923,-.66474,.69876,-.70997,.70645,-.7632,.63081,-.80544,.55867,-.89128,.47211,-.865,.40303,-.83675,.30996,-.89093,.22995,-.89158,2
1,0,1,-.16316,1,-.10169,.99999,-.15197,1,-.19277,.94055,-.35151,.95735,-.29785,.93719,-.34412,.94486,-.28106,.90137,-.43383,.86043,-.47308,.82987,-.5122,.8408,-.47137,.76224,-.5837,.65723,-.68794,.68714,-.64537,.64727,-.67226,2
1,0,1,.0738,1,.0342,1,-.05563,1,.08764,1,.19651,1,.20328,1,.12785,1,.10561,1,.27087,1,.44758,1,.4175,1,.20033,1,.36743,.95603,.48641,1,.32492,1,.46712,2
1,0,.99645,.06468,1,-.01236,.97811,.02498,.96112,.02312,.99274,.07808,.89323,.10346,.94212,.05269,.88809,.1112,.86104,.08631,.81633,.1183,.83668,.14442,.81329,.13412,.79476,.13638,.7911,.15379,.77122,.1593,.70941,.12015,2
1,0,.67065,.02528,.66626,.05031,.57197,.18761,.08776,.34081,.63621,.12131,.62099,.14285,.78637,.10976,.58373,.18151,.14395,.41224,.53888,.21326,.5142,.22625,.48838,.23724,.46167,.24618,.43433,.25306,.40663,.25792,1,.33036,2
1,0,1,-.00612,1,-.09834,1,-.07649,1,-.10605,1,-.11073,1,-.39489,1,-.15616,.92124,-.31884,.86473,-.34534,.91693,-.44072,.9606,-.46866,.81874,-.40372,.82681,-.42231,.75784,-.38231,.80448,-.40575,.74354,-.45039,2
1,0,.96071,.07088,1,.04296,1,.09313,.90169,-.05144,.89263,.0258,.8325,-.06142,.87534,.09831,.76544,.0028,.75206,-.05295,.65961,-.07905,.64158,-.05929,.55677,-.07705,.58051,-.02205,.49664,-.01251,.5131,-.00015,.52099,-.00182,2
1,0,1,-.06182,1,.02942,1,-.05131,1,-.01707,1,-.11726,.84493,-.05202,.93392,-.06598,.6917,-.07379,.65731,-.20367,.9491,-.31558,.80852,-.31654,.84932,-.34838,.72529,-.29174,.73094,-.38576,.54356,-.26284,.64207,-.39487,2
1,0,1,-.08714,1,-.17263,.86635,-.81779,.94817,.61053,.95473,-.41382,.88486,-.31736,.87937,-.23433,.81051,-.6218,.12245,-1,.90284,.11053,.62357,-.78547,.55389,-.82868,.48136,-.86583,.4065,-.89674,.32984,-.92128,-.13341,-1,2
1,0,1,.0838,1,.17387,1,-.13308,.98172,.6452,1,.47904,1,.59113,1,.70758,1,.82777,1,.95099,1,1,.98042,1,.91624,1,.83899,1,.74822,1,.64358,1,.52479,1,2
1,0,1,-.14236,1,-.16256,1,-.23656,1,-.07514,1,-.2501,1,-.26161,1,-.21975,1,-.38606,1,-.46162,1,-.35519,1,-.59661,1,-.47643,.9882,-.49687,1,-.7582,1,-.75761,1,-.84437,2
1,0,.88208,-.14639,.93408,-.11057,.921,-.1645,.88307,-.17036,.88462,-.31809,.85269,-.31463,.82116,-.35924,.80681,-.33632,.75243,-.47022,.70555,-.47153,.6615,-.50085,.61297,-.48086,.56804,-.54629,.50179,-.59854,.47075,-.57377,.42189,-.58086,2
1,0,1,-.15899,.72314,.27686,.83443,-.58388,1,-.28207,1,-.49863,.79962,-.12527,.76837,.14638,1,.39337,1,.2659,.96354,-.01891,.92599,-.91338,1,.14803,1,-.11582,1,-.11129,1,.53372,1,-.57758,2
1,0,1,.00433,1,-.01209,1,-.0296,1,-.07014,.97839,-.06256,1,-.06544,.97261,-.07917,.92561,-.13665,.94184,-.14327,.99589,-.14248,.94815,-.13565,.89469,-.20851,.89067,-.17909,.85644,-.18552,.83777,-.20101,.83867,-.20766,2
1,0,.91241,.04347,.94191,.0228,.94705,.05345,.93582,.01321,.91911,.06348,.92766,.12067,.92048,.06211,.88899,.12722,.83744,.14439,.80983,.11849,.77041,.14222,.75755,.11299,.7355,.13282,.66387,.153,.70925,.10754,.65258,.11447,2
1,0,1,.06538,1,.20746,1,.26281,.93051,.32213,.86773,.39039,.75474,.50082,.79555,.52321,.65954,.60756,.57619,.62999,.47807,.67135,.40553,.6884,.34384,.72082,.27712,.72386,.19296,.70682,.11372,.72688,.0699,.71444,2
1,0,.90932,.08791,.86528,.16888,1,.16598,.55187,.68154,.70207,.36719,.16286,.42739,.5762,.46086,.51067,.49618,.31639,.12967,.37824,.54462,.31274,.55826,.24856,.56527,.18626,.56605,.12635,.56101,.06927,.55061,.12137,.67739,2
1,0,.99025,-.05785,.99793,-.13009,.98663,-.1943,.99374,-.25843,.92738,-.3013,.92651,-.37965,.89812,-.43796,.84922,-.52064,.87433,-.57075,.79016,-.59839,.74725,-.64615,.68282,-.68479,.65247,-.73174,.6101,-.75353,.54752,-.80278,.49195,-.83245,2
1,0,1,-.0373,1,-.07383,.99601,-.11039,.99838,-.09931,.98941,-.13814,.96674,-.21695,.95288,-.25099,.91236,-.344,.90581,-.32152,.89991,-.34691,.87874,-.37643,.86213,-.4299,.83172,-.43122,.81433,-.42593,.77919,-.47977,.75115,-.50152,2
1,0,.98166,.00874,.98103,-.03818,.97565,-.05699,.95947,-.06971,.99004,-.04507,.94713,-.11102,.93369,-.1279,.94217,-.11583,.79682,-.192,.88274,-.17387,.86257,-.18739,.88487,-.19689,.81813,-.21136,.78546,-.23864,.76911,-.23095,.74323,-.23902,2
1,0,.84134,-.18362,.43644,.02919,.93421,-.00267,.87947,.13795,.81121,-.01789,.88559,.54991,.91714,-.57486,.75,-.2952,.86676,-.20104,1,1,.4661,-.1629,.90066,-.02778,.93358,-.01158,.61582,-.32298,.84463,-.25706,.93323,-.01425,2
1,0,1,1,1,1,.9101,1,-.2697,1,-.83152,1,-1,1,-1,.72526,-1,-.57779,-1,-.42052,-1,-1,-.52838,-1,.90014,-1,1,-1,1,-1,1,-.34686,1,.34845,2
1,0,.95659,.08143,.97487,-.05667,.97165,-.08484,.96097,-.06561,.94717,.01279,.95436,-.16795,.94612,-.19497,.9963,-.32268,.90343,-.35902,.91428,-.27316,.9014,-.29807,.99899,-.40747,.87244,-.34586,.92059,-.30619,.83951,-.39061,.82166,-.41173,2
1,0,1,-.02259,1,-.04494,1,-.06682,1,-.08799,1,.56173,1,-.12738,1,-.14522,1,.32407,1,-.17639,.99484,-.18949,.95601,-.20081,1,-.92284,.8728,-.21793,.8292,-.2237,.78479,-.22765,.73992,-.22981,2
1,0,1,.05812,.94525,.07418,.99952,.13231,1,-.01911,.94846,.07033,.95713,.14644,.94862,.11224,.90896,.20119,.96741,.16265,.99695,.14258,.90784,.1641,.91667,.22431,.88423,.23571,.88568,.22511,.78324,.29576,.83574,.31166,2
1,0,1,.09771,1,.12197,1,.22574,.98602,.09237,.9493,.19211,.92992,.24288,.89241,.28343,.85529,.26721,.83656,.33129,.83393,.31698,.74829,.39597,.76193,.34658,.68452,.42746,.62764,.46031,.56791,.47033,.54252,.50903,2
1,0,1,.16801,.99352,.16334,.94616,.33347,.91759,.2261,.91408,.37107,.8425,.46899,.81011,.49225,.78473,.48311,.65091,.56977,.56553,.58071,.55586,.6472,.48311,.55236,.43317,.69129,.35684,.76147,.33921,.66844,.22101,.78685,2
1,0,1,-.41457,1,.76131,.8706,.18593,1,-.09925,.93844,.4799,.65452,-.1608,1,.00879,.97613,-.50126,.80025,-.24497,.88065,-.19095,1,-.12312,.93593,.10678,.9289,-.07249,1,-.27387,.4397,.19849,.51382,-.05402,2
1,0,1,.28046,1,.02477,1,.07764,1,.04317,.98762,.33266,1,.05489,1,.04384,.9575,-.24598,.84371,-.08668,1,.0415,.99933,.27376,1,-.39056,.96414,-.02174,.86747,.2336,.94578,-.22021,.80355,-.07329,2
1,0,1,.67784,.81309,.82021,.43019,1,.20619,.80541,-.43872,1,-.79135,.77092,-1,.40268,-.39046,-.58634,-.97907,-.42822,-.73083,-.76339,-.37671,-.97491,.41366,-1,.41778,-.93296,.25773,-1,.9357,-.35222,.98816,.03446,2
1,0,1,.03529,1,.18281,1,.26968,1,.25068,1,.28778,1,.38643,1,.31674,1,.65701,1,.53846,1,.61267,1,.59457,.89593,.68326,.89502,.71374,.85611,.67149,.74389,.85611,.71493,.75837,2
1,0,.96087,.0862,.9676,.19279,.96026,.27451,.98044,.35052,.92867,.46281,.86265,.52517,.8282,.58794,.73242,.69065,.69003,.7314,.54473,.6882,.48339,.76197,.40615,.74689,.33401,.83796,.24944,.86061,.13756,.86835,.09048,.86285,2
1,0,1,.0507,1,.10827,1,.19498,1,.28453,1,.34826,1,.38261,.94575,.42881,.89126,.50391,.75906,.58801,.80644,.59962,.79578,.62758,.66643,.63942,.59417,.69435,.49538,.72684,.47027,.71689,.33381,.75243,2
1,0,1,.04078,1,.11982,1,.16159,1,.27921,.98703,.30889,.92745,.37639,.91118,.39749,.81939,.46059,.78619,.46994,.794,.56282,.70331,.58129,.67077,.59723,.58903,.6099,.53952,.60932,.45312,.63636,.40442,.62658,2
1,0,1,.24168,1,.4859,1,.72973,1,1,1,1,1,1,1,.77128,1,1,1,1,.74468,1,.89647,1,.64628,1,.38255,1,.10819,1,-.1737,1,-.81383,1,2
1,0,1,-.06604,1,.62937,1,.09557,1,.2028,1,-1,1,-.40559,1,-.15851,1,.04895,1,-.61538,1,-.26573,1,-1,1,-.58042,1,-.81372,1,-1,1,-.78555,1,-.48252,2
1,0,.92277,.07804,.92679,.16251,.89702,.24618,.84111,.35197,.78801,.42196,.70716,.46983,.70796,.56476,.60459,.642,.51247,.64924,.39903,.66975,.34232,.68343,.23693,.76146,.18765,.73885,.09694,.71038,.02735,.77072,-.04023,.69509,2
1,0,.74852,-.02811,.6568,-.05178,.80621,.02811,.85947,.02515,.63462,.08728,.71598,.0784,.73077,.05178,.7855,-.27811,.65976,-.01479,.78698,.06953,.34615,-.18639,.65385,.02811,.61009,-.06637,.5355,-.21154,.59024,-.14053,.56361,.02959,2
1,0,.67547,.04528,.76981,-.10566,.77358,.03774,.66038,-.04528,.64528,.01132,.66792,-.13962,.72075,-.02264,.76981,.08679,.61887,-.07925,.75849,-.23774,.73962,-.14717,.84906,-.15094,.73886,-.05801,.66792,.02264,.86415,.03774,.73208,.00755,2
1,0,.57647,-.01569,.40392,0,.38431,.12941,.4,-.05882,.56471,.14118,.46667,.08235,.52549,-.0549,.58039,.01569,.50196,0,.45882,.06667,.58039,.08235,.49804,.00392,.48601,.10039,.46275,.08235,.45098,.23529,.43137,.17255,2
1,0,.88305,-.21996,1,.36373,.82403,.19206,.85086,.05901,.90558,-.04292,.85193,.25,.77897,.25322,.69206,.5794,.7103,.39056,.73176,.27575,1,.34871,.5676,.52039,.69811,.53235,.80901,.58584,.43026,.70923,.52361,.54185,2
1,0,.7087,-.24783,.64348,.04348,.45217,.38261,.65217,.18261,.5,.26957,.57826,-.23043,.50435,.37826,.38696,-.42609,.36087,-.26087,.26957,.11739,.53246,-.03845,.31304,-.12174,.4993,-.04264,.48348,-.04448,.64348,-.25217,.50435,.14783,2
1,0,.29202,.13582,.45331,.16808,.51783,-.00509,.52632,.20883,.52462,-.16638,.47368,-.04754,.55518,.03905,.81664,-.22411,.42445,-.04244,.34975,.06621,.28183,-.20883,.51731,-.03176,.50369,-.03351,.34635,.09847,.70798,-.01868,.39559,-.03226,2
1,0,.90116,.16607,.79299,.37379,.7299,.50515,.59784,.72997,.44303,.81152,.24412,.87493,.06438,.85038,-.12611,.87396,-.28739,.79617,-.46635,.65924,-.57135,.53805,-.68159,.39951,-.71844,.25835,-.72369,.11218,-.71475,-.05525,-.67699,-.19904,2
1,0,.97714,.19049,.82683,.46259,.71771,.58732,.47968,.84278,.31409,.92643,.10289,.93945,-.13254,.8429,-.3202,.91624,-.52145,.79525,-.68274,.49508,-.77408,.33537,-.85376,.17849,-.83314,-.01358,-.82366,-.19321,-.67289,-.33662,-.59943,-.497,2
1,0,.74084,.04974,.79074,.02543,.78575,.03793,.6623,.09948,.67801,.31152,.75934,.07348,.74695,.08442,.70681,-.07853,.63613,0,.70021,.11355,.68183,.12185,.67016,.15445,.64158,.13608,.65707,.17539,.59759,.14697,.57455,.15114,2
1,0,1,.01709,.96215,-.03142,1,-.03436,1,-.05071,.99026,-.07092,.99173,-.09002,1,-.15727,1,-.14257,.9831,-.11813,1,-.18519,1,-.19272,.98971,-.22083,.9649,-.20243,.94599,-.17123,.96436,-.22561,.87011,-.23296,2
1,0,.95704,-.12095,.63318,-.1269,.96365,-.18242,.97026,.0846,.92003,-.01124,.83543,-.24719,1,-.31395,.99273,-.21216,.98678,-.21018,1,-.27165,.93126,-.39458,1,-.19233,.88793,-.31565,.81428,-.23728,.89095,-.31857,.69531,-.41573,2
1,0,.9449,-.49311,1,-.03692,.98898,-.87052,.90083,.66942,1,-.10104,1,-.12493,1,-.15017,1,-.17681,1,-.20491,1,-.23452,1,-.26571,1,-.29852,1,-.33304,1,-.36931,1,-.4074,1,-.44739,2
1,0,.99449,.00526,.84082,-.11313,.88237,-.16431,.99061,-.06257,.96484,-.07496,.85221,.02966,.87161,-.20848,.93881,-.12977,.98298,-.08935,.89876,.00075,.87836,-.05882,.93368,-.19872,.87579,-.17806,.94294,-.16581,.80253,-.25741,.76586,-.27794,2
1,0,1,-.57224,.9915,-.73371,.89518,-.9745,1,-.35818,1,-.23229,.6289,-.86402,1,-.57535,1,-.79603,.76771,-.88952,.96601,-1,.7012,-.74896,.61946,-.76904,.53777,-.77986,.8102,-1,1,-1,.30445,-.76112,2
1,0,.86284,.1931,.8092,.41149,.67203,.55785,.54559,.69962,.36705,.81533,.19617,.85671,-.04061,.86284,-.17241,.75785,-.341,.65747,-.48199,.56092,-.6023,.40996,-.59234,.25747,-.63038,.08818,-.57241,-.07816,-.54866,-.19923,-.42912,-.31954,2
1,0,1,.23395,.91404,.52013,.7802,.72144,.4766,.84222,.27639,.9173,.09467,.88248,-.2198,.91404,-.34168,.75517,-.5136,.64527,-.64527,.44614,-.74102,.29162,-.70838,.03591,-.71731,-.11943,-.64962,-.28183,-.51251,-.44505,-.37432,-.53319,2
1,0,.21429,-.09524,.33333,.07143,.19048,.19048,.2381,.09524,.40476,.02381,.30952,-.04762,.30952,-.04762,.28571,-.11905,.33333,.04762,.30952,0,.21429,-.11905,.35714,-.04762,.22109,-.0229,.19048,0,.16997,-.02034,.14694,-.01877,2
1,0,.98182,0,.88627,.03131,.86249,.04572,.8,0,.69091,.04545,.79343,.08436,.77118,.09579,.62727,.25455,.68182,.12727,.70674,.12608,.68604,.13493,.74545,.22727,.64581,.15088,.67273,.02727,.60715,.16465,.5884,.17077,2
1,0,.86889,-.07111,1,-.02494,1,-.06889,.87778,.00222,.83556,-.06444,1,-.07287,1,-.2,.86889,.05333,.88,-.03778,1,-.11526,1,-.18667,.84444,.03556,1,-.14162,.82222,-.14667,1,-.15609,1,-.44222,2
1,0,1,-.92453,1,.75472,.49057,-.0566,.62264,0,1,-.00054,.45283,.07547,.62264,-.0566,.98878,-.00085,.5283,0,.5283,.07547,.9519,-.00112,1,.79245,.92192,-.00128,.9434,-1,1,.43396,.43396,-.11321,2
1,0,.4375,.04167,.58333,-.10417,.39583,0,.33333,-.0625,.47917,0,.29167,.10417,.54167,.02083,.4375,-.22917,.35417,-.22917,.33333,.08333,.25,.1875,.39583,-.1875,.44012,-.10064,.41667,-.08333,.58333,-.3125,.33333,-.0625,2
1,0,.95217,.06595,.93614,.1303,.90996,.19152,.84881,-.49962,.90023,.6132,.77937,.34328,.72254,.37988,.66145,.40844,.95472,.59862,.53258,.44088,.46773,.44511,.4044,.44199,.34374,.43221,.9033,1,.23405,.3962,.18632,.37191,2
1,0,.95882,.10129,1,-.01918,.98313,.02555,.96974,-.09316,.98955,-.02716,.9798,-.03096,1,-.05343,1,-.05179,.9384,.01557,.9762,-.09284,.97889,-.05318,.91567,-.15675,.95677,-.06995,.90978,.01307,1,-.10797,.93144,-.06888,2
1,0,.96933,.00876,1,.00843,.98658,-.00763,.97868,-.02844,.9982,-.0351,1,-.01271,1,-.02581,1,-.01175,.98485,.00025,1,-.02612,1,-.04744,.96019,-.04527,.99188,-.03473,.9702,-.02478,1,-.03855,.9842,-.04112,2
1,0,.64122,.01403,.34146,-.02439,.52751,.03466,.19512,.12195,.43313,.04755,.21951,.04878,.29268,0,.36585,0,.31707,.07317,.26829,.12195,.23698,.05813,.21951,.09756,.19304,.05641,.1741,.05504,.19512,0,.17073,.07317,2
1,0,.34694,.20408,.46939,.2449,.40816,.20408,.46939,.44898,.30612,.59184,.12245,.55102,0,.5102,-.06122,.55102,-.20408,.55102,-.28571,.44898,-.28571,.32653,-.61224,.22449,-.46579,.14895,-.59184,.18367,-.34694,0,-.26531,-.2449,2
1,0,.89706,.38235,.91176,.375,.74265,.67647,.45588,.77941,.19118,.88971,-.02206,.86029,-.20588,.82353,-.375,.67647,-.5,.47794,-.73529,.38235,-.86029,.08824,-.74265,-.125,-.67925,-.24131,-.55147,-.42647,-.44118,-.50735,-.28676,-.56618,2
1,0,.50466,-.169,.71442,.01513,.71063,.02258,.68065,.01282,.34615,.05594,.6905,.04393,.68101,.05058,.67023,.05692,.63403,-.04662,.64503,.06856,.63077,.07381,.84033,.18065,.59935,.08304,.38228,.0676,.56466,.09046,.54632,.09346,2
1,0,.76296,-.07778,1,-.2963,1,-.85741,.8,.06111,.45556,-.42778,1,-.12581,1,-.83519,.49259,.01852,.82222,-.05926,.98215,-.19938,1,.22037,.6963,-.26481,.92148,-.24549,.78889,.02037,.87492,-.27105,1,-.57037,2
1,0,.5754,-.03175,.75198,-.05357,.61508,-.0119,.53968,.03373,.61706,.09921,.59127,-.02381,.62698,.0119,.70833,.02579,.60317,.01587,.47817,-.02778,.59127,.0377,.5,.03968,.61291,-.01237,.61706,-.13492,.68849,-.01389,.625,-.03175,2
1,0,.61857,.1085,.70694,-.06935,.70358,.01678,.74273,.00224,.71029,.15772,.71588,-.00224,.79754,.066,.83669,-.16555,.6868,-.0906,.62528,-.01342,.60962,.11745,.71253,-.09508,.69845,-.01673,.63311,.0481,.78859,-.05145,.65213,-.04698,2
1,0,.88103,-.00857,.89818,-.02465,.94105,-.01822,.89175,-.12755,.82208,-.10932,.88853,.01179,.90782,-.13719,.87138,-.06109,.90782,-.02358,.87996,-.14577,.82851,-.12433,.90139,-.19507,.88245,-.14903,.84352,-.12862,.88424,-.18542,.91747,-.16827,2
1,0,.88853,.01631,.92007,.01305,.92442,.01359,.89179,-.10223,.90103,-.08428,.9304,-.01033,.93094,-.08918,.86025,-.05057,.89451,-.04024,.88418,-.12126,.88907,-.11909,.8298,-.14138,.86453,-.11808,.85536,-.13051,.83524,-.12452,.86786,-.12235,2
1,0,.81143,.03714,.85143,-.00143,.79,.00714,.79571,-.04286,.87571,0,.85571,-.06714,.86429,.00286,.82857,-.05429,.81,-.11857,.76857,-.08429,.84286,-.05,.77,-.06857,.81598,-.08669,.82571,-.10429,.81429,-.05,.82143,-.15143,2
1,0,.4987,.01818,.43117,-.0961,.50649,-.04156,.5013,.0961,.44675,.05974,.55844,-.11948,.51688,-.03636,.52727,-.05974,.55325,-.01039,.48571,-.03377,.49091,-.01039,.59221,0,.53215,-.0328,.43117,.03377,.54545,-.05455,.58961,-.08571,2
1,0,1,.5,1,.25,.25,1,.16851,.9118,-.13336,.80454,-.34107,.60793,-.4382,.37856,-.43663,.16709,-.36676,.00678,-.26477,-.09025,-.16178,-.12964,-.07782,-.12744,-.02089,-.10242,.01033,-.07036,.02224,-.04142,.02249,-.02017,2
1,0,.87048,.38027,.64099,.69212,.31347,.86625,-.03933,.9074,-.42173,.79346,-.70561,.5156,-.81049,.22735,-.81136,-.12539,-.67474,-.38102,-.38334,-.62861,-.13013,-.70762,.15552,-.66421,.38544,-.51568,.52573,-.29897,.56239,-.05938,.5146,.16645,2
1,0,.88179,.43491,.59573,.77655,.19672,.94537,-.24103,.92544,-.62526,.71257,-.86443,.33652,-.92384,-.05338,-.77356,-.44707,-.4695,-.73285,-.10237,-.82217,.26384,-.7757,.55984,-.5591,.72147,-.24433,.72478,.09599,.58137,.38915,.34749,.57656,2
1,0,.32834,.0252,.15236,.21278,.14919,.74003,-.25706,.92324,-.10312,.1938,-.61352,.25786,-.94053,-.05409,-.13117,-.14329,-.30315,-.44615,-.11409,-.85597,.02668,-.22786,.27942,-.06295,.33737,-.11876,.27657,-.11409,.15078,.13296,.12197,.20468,2
1,0,.83427,.39121,.5404,.78579,.12326,.89402,-.33221,.83578,-.70086,.59564,-.86622,.21909,-.84442,-.24164,-.59714,-.61894,-.19354,-.87787,.12439,-.89064,.51109,-.72454,.79143,-.27734,.83008,.08718,.66592,.49079,.37542,.70011,-.03983,.79444,2
1,0,.62335,-.0349,.59085,.00481,.60409,-.07461,.63177,.00963,.62455,-.07461,.67028,.0722,.62936,-.08424,.67509,.09146,.67148,0,.58965,.10108,.5006,.03129,.65945,.14079,.60463,.02019,.51384,.04452,.61733,-.00963,.61372,-.09146,2
1,0,.74449,-.0239,.70772,.03309,.72243,.16912,.79228,.07721,.81434,.43934,.63787,.00551,.70772,.21691,1,.06066,.61029,.05147,.67463,.04228,.52022,-.25,.72978,-.15809,.61727,.07124,.30882,.0864,.55916,.07458,.60294,.21691,2
1,0,.61538,.18923,.78157,.0178,.77486,.02647,.65077,-.10308,.77538,.08,.73961,.0506,.72322,.05776,.68615,-.08923,.61692,.16308,.66233,.07573,.63878,.08041,.60154,-.07231,.58803,.08767,.55077,.25692,.53389,.09207,.50609,.09322,2
1,0,.68317,.05375,.84803,.00202,.84341,.00301,.843,.09901,.75813,.04102,.81892,.00585,.80738,.00673,.80622,-.12447,.77935,-.03536,.76365,.00909,.74635,.00978,.79632,-.04243,.70824,.01096,.62235,.11598,.66624,.0119,.64407,.01227,2
1,0,.5,0,.38696,.10435,.4913,.06522,.46957,-.03913,.35652,-.12609,.45652,.04783,.50435,.02609,.35652,.19565,.42174,.14783,.42174,-.02609,.32174,-.11304,.47391,-.0087,.41789,.06908,.38696,.03913,.35217,.14783,.44783,.17391,2
1,0,.7983,.09417,.78129,.20656,.71628,.28068,.6932,.41252,.65917,.50122,.57898,.60814,.4921,.58445,.33354,.67861,.29587,.63548,.09599,.68104,.02066,.72236,-.08748,.63183,-.11925,.60696,-.18226,.56015,-.25516,.51701,-.27339,.42467,2
1,0,1,.09802,1,.25101,.9839,.33044,.80365,.5302,.74977,.60297,.56937,.71942,.55311,.74079,.29452,.82193,.21137,.79777,.09709,.82162,-.01734,.7987,-.15144,.75596,-.22839,.69187,-.31713,.60948,-.40291,.54522,-.42815,.44534,2
1,0,.8941,.13425,.87001,.31543,.78896,.43388,.63388,.59975,.54003,.71016,.39699,.76161,.24266,.79523,.09134,.79598,-.09159,.76261,-.20201,.66926,-.30263,.6261,-.40552,.50489,-.46215,.40753,-.50314,.27252,-.52823,.19172,-.48808,.05972,2
1,0,.94631,.17498,.90946,.33143,.85096,.4996,.73678,.63842,.59215,.73838,.48698,.83614,.30459,.90665,.17959,.93429,-.00701,.93109,-.1888,.89383,-.33023,.82492,-.46534,.76482,-.58563,.66335,-.67929,.52564,-.75321,.42488,-.8121,.26092,2
1,0,.91767,.18198,.8609,.35543,.72873,.45747,.60425,.69865,.50376,.74922,.361,.81795,.15664,.83558,.00396,.8521,-.1639,.77853,-.35996,.76193,-.43087,.65385,-.5314,.53886,-.60328,.40972,-.64511,.27338,-.6571,.13667,-.64056,.05394,2
1,0,.76627,.21106,.63935,.38112,.48409,.525,.15,.22273,.13753,.59565,-.07727,.44545,0,.48636,-.27491,.42014,-.56136,.36818,-.36591,.18864,-.40533,.07588,-.38483,-.03229,-.33942,-.12486,-.2754,-.19714,-.19962,-.24648,-.11894,-.27218,2
1,0,.5894,-.60927,.8543,.55298,.81126,.07285,.56623,.16225,.32781,.24172,.50331,.12252,.63907,.19868,.71854,.42715,.54305,.13907,.65232,.27815,.68874,.07285,.51872,.26653,.49013,.27687,.46216,.28574,.43484,.29324,.40821,.29942,2
1,0,1,.11385,.70019,-.12144,.81594,.09677,.71157,.01139,.56167,-.0778,.6907,.12524,.58634,.03985,.53131,-.03416,.6945,.16888,.72676,.07211,.32068,.05882,.53321,.37381,.4909,.17951,.1518,.32448,.44141,.18897,.56167,.1518,2
1,0,.84843,.06794,.80562,-.02299,.77031,-.03299,.66725,-.0662,.59582,-.07666,.6726,-.05771,.6426,-.06438,.39199,.0453,.71254,.01394,.5597,-.08039,.5343,-.08453,.47038,-.22822,.48659,-.09128,.52613,-.08537,.44277,-.09621,.42223,-.09808,2
1,0,1,.08013,.96775,-.00482,.96683,-.00722,.8798,-.03923,1,.01419,.96186,-.01436,.95947,-.01671,.98497,.01002,.91152,-.08848,.95016,-.02364,.94636,-.02591,.98164,.02003,.93772,-.03034,1,-.05843,.92774,-.03464,.92226,-.03673,2
1,0,.47938,-.12371,.42784,-.12371,.70103,-.39175,.73196,.07216,.26289,-.21649,.49485,.15979,.45361,-.11856,.42268,.06186,.5,-.2732,.54639,.18557,.42268,.08247,.70619,.19588,.53396,-.12447,.15464,-.26289,.47423,.04124,.45361,-.51546,2
1,0,.6351,-.04388,.7653,.02968,.61432,.36028,.65358,-.00462,.64203,.08314,.79446,-.43418,.72517,.54965,.59584,.13857,.6351,.2194,.63279,-.25404,.70951,.15359,.64665,.23095,.68775,.17704,.61663,.07621,.66316,.19841,.69053,.36721,2
1,0,.50112,-.03596,.61124,.01348,.58876,.01573,.58876,.02472,.66742,-.00449,.71685,-.04719,.66517,.00899,.57303,.02472,.64719,-.07416,.56854,.14157,.57528,-.03596,.46517,.04944,.56588,.00824,.4764,-.03596,.54607,.10562,.60674,-.0809,2
1,0,.71521,-.00647,.66667,-.04207,.63107,-.05178,.77994,.08091,.67314,.09709,.64725,.15858,.60194,-.01942,.54369,-.04531,.46926,-.10032,.64725,.14887,.39159,.21683,.52427,-.05502,.45105,.0004,.31392,-.06796,.49191,-.1068,.30421,-.05178,2
1,0,.68148,.1037,.77037,.03457,.65185,.08148,.60988,-.00494,.79012,.11852,.59753,.04938,.62469,.0963,.78272,-.17531,.73827,-.10864,.48642,.00988,.60988,.08148,.66667,-.1284,.63773,-.02451,.76543,.02222,.61235,-.0716,.51358,-.04691,2
1,0,.60678,-.02712,.67119,.04068,.52881,-.04407,.50508,.03729,.70508,-.07797,.57966,-.02034,.5322,.07797,.64068,.11864,.56949,-.02373,.5322,.00678,.71525,-.0339,.52881,-.0339,.57262,.0075,.58644,-.00339,.58983,-.02712,.50169,.0678,2
1,0,.49515,.09709,.29612,.05825,.34951,0,.57282,-.02427,.58252,.02427,.33495,.04854,.52427,.00485,.47087,-.1068,.43204,.00485,.34951,.05825,.18932,.25728,.31068,-.15049,.36547,.03815,.3932,.17476,.26214,0,.37379,-.01942,2
1,0,.98822,.02187,.93102,.341,.83904,.35222,.74706,.48906,.73584,.51879,.55076,.60179,.4313,.66237,.318,.70443,.28379,.68873,.07515,.73696,.06338,.71284,-.16489,.69714,-.16556,.6051,-.16209,.55805,-.34717,.44195,-.33483,.37465,2
1,0,.97905,.1581,.90112,.35237,.82039,.48561,.7176,.64888,.58827,.73743,.40349,.83156,.2514,.84804,.047,.85475,-.12193,.79749,-.2618,.80754,-.37835,.71676,-.51034,.58324,-.57587,.4604,-.61899,.30796,-.65754,.18345,-.64134,.02968,2
1,0,.99701,.21677,.91966,.4703,.76902,.62415,.53312,.7812,.36774,.88291,.10107,.83312,-.06827,.89274,-.28269,.72073,-.43707,.61688,-.55769,.4812,-.65,.35534,-.64658,.15908,-.66651,.02277,-.64872,-.13462,-.54615,-.22949,-.47201,-.35032,2
1,0,.94331,.19959,.96132,.40803,.80514,.56569,.56687,.7083,.41836,.8323,.14939,.89489,.05167,.93682,-.24742,.83939,-.42811,.75554,-.50251,.62563,-.65515,.50428,-.68851,.30912,-.77097,.15619,-.75406,-.04399,-.75199,-.17921,-.66932,-.34367,2
1,0,.93972,.28082,.80486,.52821,.58167,.73151,.34961,.80511,.10797,.90403,-.20015,.89335,-.3973,.82163,-.58835,.62867,-.76305,.40368,-.81262,.18888,-.81317,-.04284,-.75273,-.26883,-.63237,-.46438,-.46422,-.61446,-.26389,-.70835,-.08937,-.71273,2
1,0,.89835,.35157,.67333,.62233,.43898,.94353,-.03643,.8051,-.22838,.75334,-.25137,.48816,-.57377,.28415,-.6675,.10591,-.47359,-.06193,-.81056,-.06011,-.33197,-.47592,-.12897,-.5362,.07158,-.51925,.24321,-.43478,.36586,-.30057,.42805,.13297,2
1,0,.29073,.10025,.23308,.17293,.03759,.34336,.1203,.26316,.06266,.21303,-.04725,.12767,-.06333,.07907,-.06328,.04097,-.05431,.01408,-.04166,-.0028,-.02876,-.01176,-.01755,-.01505,-.00886,-.01475,-.0028,-.0125,.00096,-.00948,.0029,-.00647,2
1,0,.58459,-.35526,1,.35338,.75376,-.00564,.82519,.19361,.50188,-.27632,.65977,.06391,.69737,.14662,.72368,-.42669,.76128,.04511,.66917,.20489,.84774,-.40977,.6485,-.04699,.56836,-.10571,.5282,-.13346,.15602,-.12218,.44767,-.10309,2
1,0,.83609,.13215,.72171,.06059,.65829,.08315,.23888,.12961,.43837,.2033,.49418,.12686,.44747,.13507,.29352,.02922,.48158,.15756,.32835,.14616,.29495,.14638,.26436,.1453,.23641,.14314,.26429,.16137,.18767,.13632,.16655,.13198,2
1,0,.9408,.11933,.85738,.01038,.85124,.01546,.76966,-.00278,.84459,.10916,.83289,.03027,.8268,.03506,.74838,.01943,.80019,.02405,.80862,.04901,.80259,.05352,.77336,.0222,.79058,.06235,.85939,.09251,.77863,.0709,.77269,.07508,2
1,0,.87111,.04326,.79946,.18297,.99009,.29292,.89455,-.08337,.88598,-.02028,.90446,-.26724,.8941,.19964,.88644,-.04642,.84452,-.00991,.97882,-.34024,.78954,-.25101,.86661,-.09193,.85967,-.02908,.78774,-.04101,.75935,.21812,.88238,.09193,2
1,0,.74916,.02549,.98994,.09792,.75855,.12877,.74313,-.09188,.95842,.02482,.97921,-.00469,.9611,.10195,.91482,.03756,.71026,.02683,.81221,-.08048,1,0,.71764,-.01207,.82271,.02552,.72435,-.01073,.90409,.11066,.72837,.0275,2
1,0,.47337,.19527,.06213,-.18343,.62316,.01006,.45562,-.04438,.56509,.01775,.44675,.27515,.71598,-.03846,.55621,.12426,.4142,.11538,.52767,.02842,.51183,-.10651,.47929,-.02367,.46514,.03259,.5355,.25148,.31953,-.14497,.34615,-.00296,2
1,0,.59887,.14689,.69868,-.13936,.85122,-.13936,.80979,.02448,.50471,.02825,.6742,-.0452,.80791,-.13748,.51412,-.24482,.81544,-.14313,.70245,-.00377,.33333,.06215,.56121,-.33145,.61444,-.16837,.52731,-.02072,.53861,-.31262,.6742,-.22034,2
1,0,.84713,-.03397,.86412,-.08493,.81953,0,.73673,-.07643,.71975,-.13588,.74947,-.11677,.77495,-.18684,.78132,-.21231,.61996,-.10191,.79193,-.15711,.89384,-.03397,.84926,-.26115,.74115,-.23312,.66242,-.22293,.72611,-.37792,.65817,-.24841,2
1,0,.87772,-.08152,.83424,.07337,.84783,.04076,.77174,-.02174,.77174,-.05707,.82337,-.10598,.67935,-.00543,.88043,-.20924,.83424,.03261,.86413,-.05978,.97283,-.27989,.85054,-.1875,.83705,-.10211,.8587,-.03261,.78533,-.1087,.79076,-.00543,2
1,0,.74704,-.13241,.53755,.16996,.72727,.09486,.69565,-.11067,.66798,-.23518,.87945,-.1917,.73715,.0415,.63043,-.00395,.63636,-.11858,.79249,-.25296,.66403,-.28656,.67194,-.10474,.61847,-.12041,.60079,-.20949,.37549,.06917,.61067,-.01383,2
1,0,.46785,.11308,.5898,.00665,.55432,.06874,.47894,-.13969,.52993,.0133,.63858,-.16186,.67849,-.03326,.54545,-.13525,.52993,-.04656,.47894,-.19512,.50776,-.13525,.41463,-.20177,.5393,-.11455,.59867,-.02882,.53659,-.11752,.56319,-.04435,2
1,0,.88116,.27475,.72125,.42881,.61559,.63662,.38825,.90502,.09831,.96128,-.20097,.892,-.35737,.775,-.65114,.6221,-.78768,.45535,-.81856,.19095,-.83943,-.08079,-.78334,-.26356,-.67557,-.45511,-.54732,-.60858,-.30512,-.667,-.19312,-.75597,2
1,0,.93147,.29282,.79917,.55756,.59952,.71596,.26203,.92651,.04636,.96748,-.23237,.9513,-.55926,.81018,-.73329,.62385,-.90995,.362,-.92254,.0604,-.93618,-.19838,-.83192,-.46906,-.65165,-.69556,-.41223,-.85725,-.1359,-.93953,.10007,-.94823,2
1,0,.88241,.30634,.73232,.57816,.34109,.58527,.05717,1,-.09238,.92118,-.62403,.71996,-.69767,.32558,-.81422,.41195,-1,-.00775,-.78973,-.41085,-.76901,-.45478,-.57242,-.67605,-.3161,-.81876,-.02979,-.86841,.25392,-.82127,.00194,-.81686,2
1,0,.83479,.28993,.69256,.47702,.49234,.68381,.21991,.86761,-.08096,.85011,-.35558,.77681,-.52735,.58425,-.7035,.31291,-.75821,.03939,-.71225,-.15317,-.58315,-.39168,-.37199,-.52954,-.1695,-.60863,.08425,-.61488,.25164,-.48468,.40591,-.35339,2
1,0,.9287,.33164,.76168,.62349,.49305,.84266,.21592,.95193,-.13956,.96167,-.47202,.8359,-.70747,.6549,-.87474,.3675,-.91814,.05595,-.89824,-.26173,-.73969,-.54069,-.50757,-.74735,-.22323,-.86122,.0781,-.87159,.36021,-.78057,.59407,-.6027,2
1,0,.83367,.31456,.65541,.57671,.34962,.70677,.17293,.78947,-.18976,.79886,-.41729,.66541,-.68421,.47744,-.74725,.19492,-.7218,-.04887,-.6203,-.28195,-.49165,-.53463,-.26577,-.66014,-.0153,-.69706,.22708,-.64428,.431,-.51206,.64662,-.30075,2
1,0,.98455,-.02736,.98058,-.04104,1,-.07635,.9872,.01456,.95278,-.02604,.985,-.07458,.99382,-.07149,.97396,-.09532,.97264,-.12224,.99294,-.05252,.95278,-.08914,.97352,-.08341,.96653,-.12912,.93469,-.14916,.97132,-.15755,.96778,-.188,2
1,0,.94052,-.01531,.9417,.01001,.94994,-.01472,.95878,-.0106,.94641,-.0371,.97173,-.01767,.97055,-.03887,.95465,-.04064,.9523,-.04711,.94229,-.02179,.92815,-.04417,.92049,-.04476,.92695,-.05827,.90342,-.07479,.91991,-.07244,.92049,-.0742,2
1,0,.97032,-.14384,.91324,-.00228,.96575,-.17123,.9863,.18265,.91781,.00228,.93607,-.08447,.91324,-.00228,.86758,-.08676,.97032,-.21233,1,.10274,.92009,-.05251,.92466,.06849,.94043,-.09252,.97032,-.20091,.85388,-.08676,.96575,-.21918,2
1,0,.52542,-.0339,.94915,.08475,.52542,-.16949,.30508,-.01695,.50847,-.13559,.64407,.28814,.83051,-.35593,.54237,.01695,.55932,.0339,.59322,.30508,.86441,.05085,.40678,.15254,.67287,-.00266,.66102,-.0339,.83051,-.15254,.76271,-.10169,2
1,0,.33333,-.25,.44444,.22222,.38889,.16667,.41667,.13889,.5,-.11111,.54911,-.08443,.58333,.33333,.55556,.02778,.25,-.19444,.47222,-.05556,.52778,-.02778,.38889,.08333,.41543,-.14256,.19444,-.13889,.36924,-.14809,.08333,-.5,2
1,0,.51207,1,1,.5381,.71178,.80833,.45622,.46427,.33081,1,.21249,1,-.17416,1,-.33081,.98722,-.61382,1,-.52674,.71699,-.885,.47894,-1,.35175,-1,.09569,-1,-.16713,-1,-.42226,-.91903,-.65557,2
1,0,.75564,.49638,.8355,.54301,.54916,.72063,.35225,.70792,.13469,.94749,-.09818,.93778,-.37604,.82223,-.52742,.71161,-.68358,.67989,-.70163,.24956,-.79147,.02995,-.98988,-.29099,-.70352,-.32792,-.63312,-.19185,-.34131,-.60454,-.19609,-.62956,2
1,0,.83789,.42904,.72113,.58385,.45625,.78115,.1647,.82732,-.13012,.86947,-.46177,.78497,-.59435,.5207,-.7847,.26529,-.84014,.03928,-.62041,-.31351,-.47412,-.48905,-.37298,-.67796,-.05054,-.62691,.1469,-.45911,.37093,-.39167,.48319,-.24313,2
1,0,.93658,.35107,.75254,.6564,.45571,.88576,.15323,.95776,-.21775,.96301,-.56535,.83397,-.78751,.58045,-.93104,.2602,-.93641,-.06418,-.87028,-.40949,-.65079,-.67464,-.36799,-.84951,-.04578,-.91221,.2733,-.85762,.54827,-.69613,.74828,-.44173,2
1,0,.92436,.36924,.71976,.6842,.29303,.94078,-.11108,.76527,-.31605,.92453,-.66616,.78766,-.92145,.42314,-.94315,.09585,-1,.03191,-.66431,-.66278,-.4601,-.78174,-.13486,-.88082,.19765,-.85137,.48904,-.70247,.69886,-.46048,.76066,-.13194,2
1,0,1,.16195,1,-.05558,1,.01373,1,-.12352,1,-.01511,1,-.01731,1,-.06374,1,-.07157,1,.059,1,-.10108,1,-.02685,1,-.22978,1,-.06823,1,.08299,1,-.14194,1,-.07439,2
1,0,.95559,-.00155,.86421,-.13244,.94982,-.00461,.82809,-.51171,.92441,.10368,1,-.14247,.99264,-.02542,.95853,-.15518,.84013,.61739,1,-.16321,.87492,-.08495,.85741,-.01664,.84132,-.01769,.82427,-.01867,.80634,-.01957,.78761,-.02039,2
1,0,.79378,.29492,.64064,.52312,.41319,.68158,.14177,.83548,-.16831,.78772,-.42911,.72328,-.57165,.41471,-.75436,.16755,-.69977,-.09856,-.57695,-.23503,-.40637,-.38287,-.17437,-.5254,.01523,-.48707,.1903,-.38059,.31008,-.23199,.34572,-.08036,2
1,0,.88085,.35232,.68389,.65128,.34816,.79784,.05832,.90842,-.29784,.8649,-.62635,.6959,-.77106,.39309,-.85803,.08408,-.81641,-.24017,-.64579,-.50022,-.39766,-.68337,-.11147,-.75533,.17041,-.71504,.40675,-.57649,.56626,-.36765,.62765,-.13305,2
1,0,.89589,.39286,.66129,.71804,.29521,.90824,-.04787,.94415,-.45725,.84605,-.7766,.58511,-.92819,.25133,-.92282,-.15315,-.76064,-.48404,-.50931,-.76197,-.14895,-.88591,.21581,-.85703,.53229,-.68593,.74846,-.40656,.83142,-.07029,.76862,.27926,2
1,0,1,-.24051,1,-.20253,.87342,-.10127,.88608,.01266,1,.11392,.92405,.06329,.8481,-.03797,.63291,-.36709,.87342,-.01266,.93671,.06329,1,.25316,.62025,-.37975,.84637,-.0554,1,-.06329,.53165,.02532,.83544,-.02532,2
1,0,.7479,.0084,.83312,.01659,.82638,.02469,.86555,.01681,.60504,.05882,.79093,.04731,.77441,.05407,.64706,.19328,.84034,.04202,.71285,.07122,.68895,.07577,.66387,.08403,.63728,.08296,.61345,.01681,.58187,.08757,.5533,.08891,2
1,0,.85013,.01809,.92211,.01456,.92046,.0218,.92765,.0801,.87597,.1137,.91161,.0432,.90738,.05018,.87339,.02842,.95866,0,.89097,.07047,.8843,.07697,.83721,.10853,.86923,.0895,.87597,.08786,.85198,.10134,.84258,.10698,2
1,0,1,-.01179,1,-.00343,1,-.01565,1,-.01565,1,-.02809,1,-.02187,.99828,-.03087,.99528,-.03238,.99314,-.03452,1,-.03881,1,-.05039,1,-.04931,.99842,-.05527,.994,-.06304,.99057,-.06497,.98971,-.06668,2
1,0,.89505,-.03168,.87525,.05545,.89505,.01386,.92871,.02772,.91287,-.0099,.94059,-.01584,.91881,.03366,.93663,0,.94257,.01386,.90495,.00792,.88713,-.01782,.89307,.02376,.89002,.01611,.88119,.00198,.87327,.04158,.86733,.02376,2
1,0,.90071,.01773,1,-.01773,.90071,.00709,.84752,.05674,1,.03546,.97872,.01064,.97518,.03546,1,-.03191,.89716,-.03191,.8617,.07801,1,.0922,.90071,.0461,.94305,.03247,.94681,.02482,1,.01064,.93617,.02128,2
1,0,.39394,-.24242,.62655,.0127,.45455,.09091,.63636,.09091,.21212,-.21212,.57576,.15152,.39394,0,.56156,.04561,.51515,.0303,.78788,.18182,.30303,-.15152,.48526,.05929,.46362,.06142,.33333,-.0303,.41856,.0641,.39394,.24242,2
1,0,.86689,.3595,.72014,.66667,.37201,.83049,.08646,.85893,-.24118,.86121,-.51763,.67577,-.68714,.41524,-.77019,.09898,-.69397,-.13652,-.49488,-.42207,-.32537,-.57679,-.02844,-.59954,.1536,-.53127,.32309,-.37088,.46189,-.19681,.40956,.0182,2
1,0,.89563,.37917,.67311,.69438,.35916,.88696,-.04193,.93345,-.38875,.84414,-.67274,.62078,-.8268,.30356,-.8615,-.05365,-.73564,-.34275,-.51778,-.62443,-.23428,-.73855,.06911,-.73856,.33531,-.62296,.52414,-.42086,.61217,-.17343,.60073,.0866,2
1,0,.90547,.41113,.65354,.74761,.29921,.95905,-.13342,.9782,-.52236,.83263,-.79657,.55086,-.96631,.15192,-.93001,-.25554,-.71863,-.59379,-.41546,-.85205,-.0225,-.93788,.36318,-.85368,.67538,-.61959,.85977,-.28123,.88654,.098,.75495,.46301,2
1,0,1,1,.367,.06158,.12993,.92713,-.27586,.93596,-.31527,.37685,-.87192,.36946,-.92857,-.08867,-.38916,-.34236,-.46552,-.82512,-.05419,-.93596,.25616,-.20443,.73792,-.4595,.85471,-.06831,1,1,.3867,.00246,.17758,.7979,2
1,0,1,.51515,.45455,.33333,.06061,.36364,-.32104,.73062,-.45455,.48485,-.57576,0,-.57576,-.12121,-.33333,-.48485,-.09091,-.84848,.48485,-.57576,.57576,-.42424,1,-.39394,.72961,.12331,.9697,.57576,.24242,.36364,.09091,.33333,2
1,0,.8811,0,.94817,-.02744,.93598,-.0122,.90244,.01829,.90244,.01829,.93902,.00915,.95732,.00305,1,.02744,.94207,-.0122,.90854,.02439,.91463,.05488,.99695,.04878,.89666,.02226,.90854,.00915,1,.05488,.97561,-.0122,2
1,0,.82624,.08156,.79078,-.08156,.90426,-.01773,.92908,.01064,.80142,.08865,.94681,-.00709,.94326,0,.93262,.20213,.95035,-.00709,.91489,.00709,.80496,.07092,.91135,.15957,.89527,.08165,.7766,.06738,.92553,.18085,.92553,0,2
1,0,.74468,.10638,.88706,.00982,.88542,.01471,.87234,-.01418,.7305,.10638,.87657,.02912,.87235,.03382,.95745,.07801,.95035,.04255,.85597,.04743,.84931,.05178,.87234,.11348,.83429,.06014,.74468,-.03546,.8171,.068,.80774,.07173,2
1,0,.87578,.03727,.89951,.00343,.8921,.0051,.86335,0,.95031,.07453,.87021,.00994,.86303,.01151,.83851,-.06211,.85714,.02484,.84182,.01603,.83486,.01749,.79503,-.04348,.82111,.02033,.81988,.08696,.80757,.02308,.80088,.02441,2
1,0,.97513,.0071,.98579,.01954,1,.01954,.9929,.01599,.95737,.02309,.97158,.03552,1,.0373,.97869,.02131,.98579,.05684,.97158,.04796,.94494,.05506,.98401,.03552,.9754,.06477,.94849,.08171,.99112,.06217,.98934,.09947,2
1,0,1,.01105,1,.01105,1,.0232,.99448,-.01436,.99448,-.00221,.98343,.0232,1,.00884,.97569,.00773,.97901,.01657,.98011,.00663,.98122,.02099,.97127,-.00663,.98033,.016,.97901,.01547,.98564,.02099,.98674,.02762,2
1,0,1,-.01342,1,.01566,1,-.00224,1,.06264,.97763,.04474,.95973,.02908,1,.06488,.98881,.03356,1,.03579,.99776,.09396,.95749,.07383,1,.10067,.99989,.08763,.99105,.08501,1,.10067,1,.10067,2
1,0,.8842,.36724,.67123,.67382,.39613,.86399,.02424,.93182,-.35148,.83713,-.60316,.58842,-.78658,.38778,-.83285,-.00642,-.69318,-.32963,-.52504,-.53924,-.27377,-.68126,.00806,-.69774,.26028,-.60678,.44569,-.43383,.54209,-.21542,.56286,.02823,2
1,0,.90147,.41786,.64131,.75725,.3044,.95148,-.20449,.96534,-.55483,.81191,-.81857,.50949,-.96986,.10345,-.91456,-.31412,-.70163,-.65461,-.32354,-.88999,.05865,-.94172,.44483,-.82154,.74105,-.55231,.89415,-.18725,.87893,.20359,.70555,.54852,2
1,0,.32789,.11042,.1597,.29308,.1402,.74485,-.25131,.91993,-.16503,.26664,-.63714,.24865,-.9765,-.00337,-.23227,-.19909,-.30522,-.48886,-.14426,-.89991,.09345,-.28916,.28307,-.1856,.39599,-.11498,.31005,.05614,.21443,.2054,.13376,.26422,2
1,0,.65845,.43617,.44681,.74804,.05319,.85106,-.32027,.82139,-.68253,.52408,-.84211,.07111,-.82811,-.28723,-.47032,-.71725,-.04759,-.86002,.23292,-.76316,.56663,-.52128,.743,-.18645,.74758,.23713,.45185,.59071,.20549,.76764,-.18533,.74356,2
1,0,.19466,.05725,.04198,.25191,-.10557,.48866,-.18321,-.18321,-.41985,.06107,-.4542,.0916,-.16412,-.30534,-.10305,-.39695,.18702,-.17557,.34012,-.11953,.28626,-.16031,.21645,.24692,.03913,.31092,-.03817,.26336,-.16794,.16794,-.30153,-.33588,2
1,0,.98002,.00075,1,0,.98982,-.00075,.94721,.02394,.977,.0213,.97888,.03073,.9917,.02338,.93929,.05713,.93552,.05279,.97738,.05524,1,.06241,.94155,.08107,.96709,.07255,.95701,.08088,.9819,.08126,.97247,.08616,2
1,0,.82254,-.07572,.80462,.00231,.87514,-.01214,.86821,-.07514,.72832,-.11734,.84624,.05029,.83121,-.07399,.74798,.06705,.78324,.06358,.86763,-.0237,.78844,-.06012,.74451,-.0237,.76717,-.02731,.74046,-.0763,.70058,-.0422,.78439,.01214,2
1,0,.35346,-.13768,.69387,-.02423,.68195,-.03574,.55717,-.06119,.61836,-.10467,.62099,-.06527,.59361,-.07289,.42271,-.26409,.58213,.04992,.49736,-.08771,.46241,-.08989,.45008,-.00564,.39146,-.09038,.35588,-.10306,.32232,-.08637,.28943,-.083,2
1,0,.76046,.01092,.86335,.00258,.85821,.00384,.79988,.02304,.81504,.12068,.83096,.00744,.81815,.00854,.82777,-.06974,.76531,.03881,.76979,.01148,.75071,.01232,.77138,-.00303,.70886,.01375,.66161,.00849,.66298,.01484,.63887,.01525,2
1,0,.66667,-.01366,.97404,.06831,.4959,.50137,.75683,-.00273,.65164,-.14071,.40164,-.48907,.39208,.58743,.76776,.31831,.78552,.11339,.47541,-.44945,1,.00683,.60656,.06967,.68656,.17088,.87568,.07787,.55328,.2459,.13934,.48087,2
1,0,.83508,.08298,.73739,-.14706,.84349,-.05567,.90441,-.04622,.89391,.1313,.81197,.06723,.79307,-.08929,1,-.02101,.96639,.06618,.87605,.01155,.77521,.06618,.95378,-.04202,.83479,.00123,1,.12815,.8666,-.10714,.90546,-.04307,2
1,0,.95113,.00419,.95183,-.02723,.93438,-.0192,.9459,.01606,.9651,.03281,.94171,.0733,.94625,-.01326,.97173,.0014,.94834,.06038,.9267,.08412,.93124,.10087,.9452,.01361,.93522,.04925,.93159,.08168,.94066,-.00035,.91483,.04712,2
1,0,.94701,-.00034,.93207,-.03227,.95177,-.03431,.95584,.02446,.94124,.01766,.92595,.04688,.93954,-.01461,.94837,.02004,.93784,.01393,.91406,.07677,.8947,.06148,.93988,.03193,.92489,.02542,.9212,.02242,.92459,.00442,.92697,-.00577,2
1,0,.90608,-.01657,.98122,-.01989,.95691,-.03646,.85746,.0011,.89724,-.03315,.89061,-.01436,.90608,-.0453,.91381,-.00884,.80773,-.12928,.88729,.01215,.92155,-.0232,.9105,-.02099,.89147,-.0776,.82983,-.17238,.96022,-.03757,.87403,-.16243,2
1,0,.8471,.13533,.73638,-.06151,.87873,.0826,.88928,-.09139,.78735,.06678,.80668,-.00351,.79262,-.01054,.85764,-.04569,.8717,-.03515,.81722,-.0949,.71002,.04394,.86467,-.15114,.81147,-.04822,.78207,-.00703,.75747,-.06678,.85764,-.06151,2
